timestamp,name,packageName,isSystemApp,type,isUpdatedSystemApp
1557018078518,Facebook,com.facebook.katana,False,USER_INTERACTION,False
1557018078519,카카오톡,com.kakao.talk,False,USER_INTERACTION,False
1557018078820,카카오톡,com.kakao.talk,False,USER_INTERACTION,False
1557027529903,카카오톡,com.kakao.talk,False,USER_INTERACTION,False
1557027530411,카카오톡,com.kakao.talk,False,USER_INTERACTION,False
1557031506641,카카오톡,com.kakao.talk,False,USER_INTERACTION,False
1557031506642,카카오톡,com.kakao.talk,False,USER_INTERACTION,False
1557031509742,기본홈,com.lge.launcher3,True,MOVE_TO_FOREGROUND,False
1557031511408,기본홈,com.lge.launcher3,True,MOVE_TO_BACKGROUND,False
1557031511462,카카오톡,com.kakao.talk,False,MOVE_TO_FOREGROUND,False
1557031517003,카카오톡,com.kakao.talk,False,MOVE_TO_BACKGROUND,False
1557031517061,카카오톡,com.kakao.talk,False,MOVE_TO_FOREGROUND,False
1557031528038,카카오톡,com.kakao.talk,False,MOVE_TO_BACKGROUND,False
1557031528052,기본홈,com.lge.launcher3,True,MOVE_TO_FOREGROUND,False
1557031528935,기본홈,com.lge.launcher3,True,MOVE_TO_BACKGROUND,False
1557031528950,시스템 UI,com.android.systemui,True,MOVE_TO_FOREGROUND,False
1557031532412,시스템 UI,com.android.systemui,True,MOVE_TO_BACKGROUND,False
1557031532421,기본홈,com.lge.launcher3,True,MOVE_TO_FOREGROUND,False
1557031536861,기본홈,com.lge.launcher3,True,MOVE_TO_BACKGROUND,False
1557031536969,Facebook,com.facebook.katana,False,MOVE_TO_FOREGROUND,False
1557031537594,Facebook,com.facebook.katana,False,MOVE_TO_BACKGROUND,False
1557031537638,Facebook,com.facebook.katana,False,MOVE_TO_FOREGROUND,False
1557031538566,Facebook,com.facebook.katana,False,MOVE_TO_BACKGROUND,False
1557031538602,Facebook,com.facebook.katana,False,MOVE_TO_FOREGROUND,False
1557031556829,Facebook,com.facebook.katana,False,USER_INTERACTION,False
1557031577503,카카오톡,com.kakao.talk,False,USER_INTERACTION,False
1557031593334,Facebook,com.facebook.katana,False,MOVE_TO_BACKGROUND,False
1557031593353,기본홈,com.lge.launcher3,True,MOVE_TO_FOREGROUND,False
1557031594470,카카오톡,com.kakao.talk,False,USER_INTERACTION,False
1557031601225,기본홈,com.lge.launcher3,True,MOVE_TO_BACKGROUND,False
1557031601263,카카오톡,com.kakao.talk,False,MOVE_TO_FOREGROUND,False
1557031601325,카카오톡,com.kakao.talk,False,MOVE_TO_BACKGROUND,False
1557031601365,카카오톡,com.kakao.talk,False,MOVE_TO_FOREGROUND,False
1557031601455,카카오톡,com.kakao.talk,False,MOVE_TO_BACKGROUND,False
1557031601574,카카오톡,com.kakao.talk,False,MOVE_TO_FOREGROUND,False
1557031605233,카카오톡,com.kakao.talk,False,MOVE_TO_BACKGROUND,False
1557031605328,카카오톡,com.kakao.talk,False,MOVE_TO_FOREGROUND,False
1557031611270,카카오톡,com.kakao.talk,False,MOVE_TO_BACKGROUND,False
1557031611283,기본홈,com.lge.launcher3,True,MOVE_TO_FOREGROUND,False
1557031612336,기본홈,com.lge.launcher3,True,MOVE_TO_BACKGROUND,False
1557031612382,Facebook,com.facebook.katana,False,MOVE_TO_FOREGROUND,False
1557031675616,카카오톡,com.kakao.talk,False,USER_INTERACTION,False
1557032160662,카카오톡,com.kakao.talk,False,USER_INTERACTION,False
1557032162440,Facebook,com.facebook.katana,False,MOVE_TO_BACKGROUND,False
1557032162517,카카오톡,com.kakao.talk,False,MOVE_TO_FOREGROUND,False
1557032162583,카카오톡,com.kakao.talk,False,MOVE_TO_BACKGROUND,False
1557032162603,카카오톡,com.kakao.talk,False,MOVE_TO_FOREGROUND,False
1557032171601,카카오톡,com.kakao.talk,False,MOVE_TO_BACKGROUND,False
1557032171613,시스템 UI,com.android.systemui,True,MOVE_TO_FOREGROUND,False
1557032172318,시스템 UI,com.android.systemui,True,MOVE_TO_BACKGROUND,False
1557032172347,Facebook,com.facebook.katana,False,MOVE_TO_FOREGROUND,False
1557033612336,카카오톡,com.kakao.talk,False,USER_INTERACTION,False
1557033814692,카카오톡,com.kakao.talk,False,USER_INTERACTION,False
1557034238304,Facebook,com.facebook.katana,False,MOVE_TO_BACKGROUND,False
1557034238327,시스템 UI,com.android.systemui,True,MOVE_TO_FOREGROUND,False
1557034239524,시스템 UI,com.android.systemui,True,MOVE_TO_BACKGROUND,False
1557034239596,Facebook,com.facebook.katana,False,MOVE_TO_FOREGROUND,False
1557034241586,Facebook,com.facebook.katana,False,MOVE_TO_BACKGROUND,False
1557034241599,시스템 UI,com.android.systemui,True,MOVE_TO_FOREGROUND,False
1557034242329,시스템 UI,com.android.systemui,True,MOVE_TO_BACKGROUND,False
1557034242381,카카오톡,com.kakao.talk,False,MOVE_TO_FOREGROUND,False
1557034250086,카카오톡,com.kakao.talk,False,MOVE_TO_BACKGROUND,False
1557034250138,카카오톡,com.kakao.talk,False,MOVE_TO_FOREGROUND,False
1557034252569,카카오톡,com.kakao.talk,False,MOVE_TO_BACKGROUND,False
1557034252628,카카오톡,com.kakao.talk,False,MOVE_TO_FOREGROUND,False
1557034257704,카카오톡,com.kakao.talk,False,MOVE_TO_BACKGROUND,False
1557034257716,카카오톡,com.kakao.talk,False,MOVE_TO_FOREGROUND,False
1557034259658,카카오톡,com.kakao.talk,False,MOVE_TO_BACKGROUND,False
1557034259688,카카오톡,com.kakao.talk,False,MOVE_TO_FOREGROUND,False
1557034266103,카카오톡,com.kakao.talk,False,MOVE_TO_BACKGROUND,False
1557034266137,카카오톡,com.kakao.talk,False,MOVE_TO_FOREGROUND,False
1557034323764,카카오톡,com.kakao.talk,False,MOVE_TO_BACKGROUND,False
1557034323778,카카오톡,com.kakao.talk,False,MOVE_TO_FOREGROUND,False
1557034330222,카카오톡,com.kakao.talk,False,MOVE_TO_BACKGROUND,False
1557034330236,시스템 UI,com.android.systemui,True,MOVE_TO_FOREGROUND,False
1557034331016,시스템 UI,com.android.systemui,True,MOVE_TO_BACKGROUND,False
1557034331074,Facebook,com.facebook.katana,False,MOVE_TO_FOREGROUND,False
1557034418904,카카오톡,com.kakao.talk,False,USER_INTERACTION,False
1557034457981,카카오톡,com.kakao.talk,False,USER_INTERACTION,False
1557034461605,Facebook,com.facebook.katana,False,MOVE_TO_BACKGROUND,False
1557034461685,카카오톡,com.kakao.talk,False,MOVE_TO_FOREGROUND,False
1557034461724,카카오톡,com.kakao.talk,False,MOVE_TO_BACKGROUND,False
1557034461751,카카오톡,com.kakao.talk,False,MOVE_TO_FOREGROUND,False
1557034479900,카카오톡,com.kakao.talk,False,MOVE_TO_BACKGROUND,False
1557034479912,시스템 UI,com.android.systemui,True,MOVE_TO_FOREGROUND,False
1557034480554,시스템 UI,com.android.systemui,True,MOVE_TO_BACKGROUND,False
1557034480596,Facebook,com.facebook.katana,False,MOVE_TO_FOREGROUND,False
1557034518134,카카오톡,com.kakao.talk,False,USER_INTERACTION,False
1557034532063,카카오톡,com.kakao.talk,False,USER_INTERACTION,False
1557034533474,Facebook,com.facebook.katana,False,MOVE_TO_BACKGROUND,False
1557034533565,카카오톡,com.kakao.talk,False,MOVE_TO_FOREGROUND,False
1557034533595,카카오톡,com.kakao.talk,False,MOVE_TO_BACKGROUND,False
1557034533617,카카오톡,com.kakao.talk,False,MOVE_TO_FOREGROUND,False
1557034539251,카카오톡,com.kakao.talk,False,MOVE_TO_BACKGROUND,False
1557034539264,시스템 UI,com.android.systemui,True,MOVE_TO_FOREGROUND,False
1557034539954,시스템 UI,com.android.systemui,True,MOVE_TO_BACKGROUND,False
1557034539995,Facebook,com.facebook.katana,False,MOVE_TO_FOREGROUND,False
1557034557316,Facebook,com.facebook.katana,False,MOVE_TO_BACKGROUND,False
1557034590224,카카오톡,com.kakao.talk,False,USER_INTERACTION,False
1557034590369,카카오톡,com.kakao.talk,False,USER_INTERACTION,False
1557034726915,카카오톡,com.kakao.talk,False,USER_INTERACTION,False
1557034729402,Facebook,com.facebook.katana,False,MOVE_TO_FOREGROUND,False
1557034731431,Facebook,com.facebook.katana,False,MOVE_TO_BACKGROUND,False
1557034731442,시스템 UI,com.android.systemui,True,MOVE_TO_FOREGROUND,False
1557034732197,시스템 UI,com.android.systemui,True,MOVE_TO_BACKGROUND,False
1557034732251,카카오톡,com.kakao.talk,False,MOVE_TO_FOREGROUND,False
1557034751080,카카오톡,com.kakao.talk,False,MOVE_TO_BACKGROUND,False
1557034768796,카카오톡,com.kakao.talk,False,USER_INTERACTION,False
1557034768986,카카오톡,com.kakao.talk,False,USER_INTERACTION,False
1557034945189,카카오톡,com.kakao.talk,False,USER_INTERACTION,False
1557035196693,카카오톡,com.kakao.talk,False,MOVE_TO_FOREGROUND,False
1557035208433,카카오톡,com.kakao.talk,False,MOVE_TO_BACKGROUND,False
1557035208461,카카오톡,com.kakao.talk,False,MOVE_TO_FOREGROUND,False
1557035210433,카카오톡,com.kakao.talk,False,MOVE_TO_BACKGROUND,False
1557035210470,카카오톡,com.kakao.talk,False,MOVE_TO_FOREGROUND,False
1557035213859,카카오톡,com.kakao.talk,False,MOVE_TO_BACKGROUND,False
1557035213871,카카오톡,com.kakao.talk,False,MOVE_TO_FOREGROUND,False
1557035215903,카카오톡,com.kakao.talk,False,MOVE_TO_BACKGROUND,False
1557035215927,카카오톡,com.kakao.talk,False,MOVE_TO_FOREGROUND,False
1557035220389,카카오톡,com.kakao.talk,False,MOVE_TO_BACKGROUND,False
1557035220401,기본홈,com.lge.launcher3,True,MOVE_TO_FOREGROUND,False
1557035221599,기본홈,com.lge.launcher3,True,MOVE_TO_BACKGROUND,False
1557035221693,Chrome,com.android.chrome,True,MOVE_TO_FOREGROUND,True
1557035263504,카카오톡,com.kakao.talk,False,USER_INTERACTION,False
1557035380517,Chrome,com.android.chrome,True,MOVE_TO_BACKGROUND,True
1557035431259,카카오톡,com.kakao.talk,False,USER_INTERACTION,False
1557035433864,Chrome,com.android.chrome,True,MOVE_TO_FOREGROUND,True
1557035436030,Chrome,com.android.chrome,True,MOVE_TO_BACKGROUND,True
1557035436068,시스템 UI,com.android.systemui,True,MOVE_TO_FOREGROUND,False
1557035436783,시스템 UI,com.android.systemui,True,MOVE_TO_BACKGROUND,False
1557035436835,카카오톡,com.kakao.talk,False,MOVE_TO_FOREGROUND,False
1557035459130,카카오톡,com.kakao.talk,False,MOVE_TO_BACKGROUND,False
1557035459146,카카오톡,com.kakao.talk,False,MOVE_TO_FOREGROUND,False
1557035460927,카카오톡,com.kakao.talk,False,MOVE_TO_BACKGROUND,False
1557035460967,카카오톡,com.kakao.talk,False,MOVE_TO_FOREGROUND,False
1557035482901,카카오톡,com.kakao.talk,False,MOVE_TO_BACKGROUND,False
1557035482915,기본홈,com.lge.launcher3,True,MOVE_TO_FOREGROUND,False
1557035484192,기본홈,com.lge.launcher3,True,MOVE_TO_BACKGROUND,False
1557035484217,Facebook,com.facebook.katana,False,MOVE_TO_FOREGROUND,False
1557035504729,Facebook,com.facebook.katana,False,MOVE_TO_BACKGROUND,False
1557035504742,기본홈,com.lge.launcher3,True,MOVE_TO_FOREGROUND,False
1557035505428,기본홈,com.lge.launcher3,True,MOVE_TO_BACKGROUND,False
1557035505458,주소록,com.android.contacts,True,MOVE_TO_FOREGROUND,False
1557035507415,주소록,com.android.contacts,True,MOVE_TO_BACKGROUND,False
1557035507441,통화 관리,com.android.server.telecom,True,MOVE_TO_FOREGROUND,False
1557035507534,통화 관리,com.android.server.telecom,True,MOVE_TO_BACKGROUND,False
1557035507649,주소록,com.android.contacts,True,MOVE_TO_FOREGROUND,False
1557035507756,주소록,com.android.contacts,True,MOVE_TO_BACKGROUND,False
1557035507882,통화 화면,com.android.incallui,True,MOVE_TO_FOREGROUND,False
1557035548479,통화 화면,com.android.incallui,True,MOVE_TO_BACKGROUND,False
1557036238561,통화 화면,com.android.incallui,True,MOVE_TO_FOREGROUND,False
1557036240972,통화 화면,com.android.incallui,True,MOVE_TO_BACKGROUND,False
1557036241028,주소록,com.android.contacts,True,MOVE_TO_FOREGROUND,False
1557036259890,주소록,com.android.contacts,True,MOVE_TO_BACKGROUND,False
1557036259923,주소록,com.android.contacts,True,MOVE_TO_FOREGROUND,False
1557036264420,주소록,com.android.contacts,True,MOVE_TO_BACKGROUND,False
1557036390240,카카오톡,com.kakao.talk,False,USER_INTERACTION,False
1557036393343,카카오톡,com.kakao.talk,False,USER_INTERACTION,False
1557036466798,카카오톡,com.kakao.talk,False,USER_INTERACTION,False
1557036468717,주소록,com.android.contacts,True,MOVE_TO_FOREGROUND,False
1557036488832,주소록,com.android.contacts,True,MOVE_TO_BACKGROUND,False
1557036488869,주소록,com.android.contacts,True,MOVE_TO_FOREGROUND,False
1557036504163,주소록,com.android.contacts,True,MOVE_TO_BACKGROUND,False
1557036504222,통화 화면,com.android.incallui,True,MOVE_TO_FOREGROUND,False
1557036612400,카카오톡,com.kakao.talk,False,USER_INTERACTION,False
1557036613334,통화 화면,com.android.incallui,True,MOVE_TO_BACKGROUND,False
1557036613397,주소록,com.android.contacts,True,MOVE_TO_FOREGROUND,False
1557036613920,주소록,com.android.contacts,True,MOVE_TO_BACKGROUND,False
1557036613931,기본홈,com.lge.launcher3,True,MOVE_TO_FOREGROUND,False
1557036614992,기본홈,com.lge.launcher3,True,MOVE_TO_BACKGROUND,False
1557036615040,카카오톡,com.kakao.talk,False,MOVE_TO_FOREGROUND,False
1557036617448,카카오톡,com.kakao.talk,False,MOVE_TO_BACKGROUND,False
1557036617468,카카오톡,com.kakao.talk,False,MOVE_TO_FOREGROUND,False
1557036619402,카카오톡,com.kakao.talk,False,MOVE_TO_BACKGROUND,False
1557036619439,카카오톡,com.kakao.talk,False,MOVE_TO_FOREGROUND,False
1557036628391,카카오톡,com.kakao.talk,False,MOVE_TO_BACKGROUND,False
1557036628418,카카오톡,com.kakao.talk,False,MOVE_TO_FOREGROUND,False
1557036632277,카카오톡,com.kakao.talk,False,MOVE_TO_BACKGROUND,False
1557036632306,카카오톡,com.kakao.talk,False,MOVE_TO_FOREGROUND,False
1557036645300,카카오톡,com.kakao.talk,False,MOVE_TO_BACKGROUND,False
1557036645314,기본홈,com.lge.launcher3,True,MOVE_TO_FOREGROUND,False
1557036646652,기본홈,com.lge.launcher3,True,MOVE_TO_BACKGROUND,False
1557036646676,Chrome,com.android.chrome,True,MOVE_TO_FOREGROUND,True
1557036682816,Chrome,com.android.chrome,True,MOVE_TO_BACKGROUND,True
1557036682866,기본홈,com.lge.launcher3,True,MOVE_TO_FOREGROUND,False
1557036686065,기본홈,com.lge.launcher3,True,MOVE_TO_BACKGROUND,False
1557036686199,Polar Beat,fi.polar.beat,False,MOVE_TO_FOREGROUND,False
1557036688340,Polar Beat,fi.polar.beat,False,MOVE_TO_BACKGROUND,False
1557036688363,Polar Beat,fi.polar.beat,False,MOVE_TO_FOREGROUND,False
1557036691178,Polar Beat,fi.polar.beat,False,MOVE_TO_BACKGROUND,False
1557036691215,Polar Beat,fi.polar.beat,False,MOVE_TO_FOREGROUND,False
1557036695614,Polar Beat,fi.polar.beat,False,MOVE_TO_BACKGROUND,False
1557036695628,기본홈,com.lge.launcher3,True,MOVE_TO_FOREGROUND,False
1557036697480,기본홈,com.lge.launcher3,True,MOVE_TO_BACKGROUND,False
1557036697537,Logger,iclab.kaist.ac.kr.msband_logger,False,MOVE_TO_FOREGROUND,False
1557036698092,Logger,iclab.kaist.ac.kr.msband_logger,False,MOVE_TO_BACKGROUND,False
1557036698263,패키지 설치 프로그램,com.google.android.packageinstaller,True,MOVE_TO_FOREGROUND,False
1557036698545,패키지 설치 프로그램,com.google.android.packageinstaller,True,MOVE_TO_BACKGROUND,False
1557036698563,Logger,iclab.kaist.ac.kr.msband_logger,False,MOVE_TO_FOREGROUND,False
1557036700019,Logger,iclab.kaist.ac.kr.msband_logger,False,MOVE_TO_BACKGROUND,False
1557036700165,접근성,com.android.settingsaccessibility,True,MOVE_TO_FOREGROUND,False
1557036705628,접근성,com.android.settingsaccessibility,True,MOVE_TO_BACKGROUND,False
1557036705640,기본홈,com.lge.launcher3,True,MOVE_TO_FOREGROUND,False
1557036705958,기본홈,com.lge.launcher3,True,MOVE_TO_BACKGROUND,False
1557036705974,시스템 UI,com.android.systemui,True,MOVE_TO_FOREGROUND,False
1557036707874,시스템 UI,com.android.systemui,True,MOVE_TO_BACKGROUND,False
1557036707925,Chrome,com.android.chrome,True,MOVE_TO_FOREGROUND,True
1557036721254,Chrome,com.android.chrome,True,MOVE_TO_BACKGROUND,True
1557036729352,카카오톡,com.kakao.talk,False,USER_INTERACTION,False
1557036814897,카카오톡,com.kakao.talk,False,USER_INTERACTION,False
1557036817032,Chrome,com.android.chrome,True,MOVE_TO_FOREGROUND,True
1557036861687,Chrome,com.android.chrome,True,MOVE_TO_BACKGROUND,True
1557037136387,카카오톡,com.kakao.talk,False,USER_INTERACTION,False
1557037512822,카카오톡,com.kakao.talk,False,USER_INTERACTION,False
1557037515117,Chrome,com.android.chrome,True,MOVE_TO_FOREGROUND,True
1557037521839,Chrome,com.android.chrome,True,MOVE_TO_BACKGROUND,True
1557037552952,Chrome,com.android.chrome,True,MOVE_TO_FOREGROUND,True
1557037559693,Chrome,com.android.chrome,True,MOVE_TO_BACKGROUND,True
1557039473022,카카오톡,com.kakao.talk,False,USER_INTERACTION,False
1557039476060,Chrome,com.android.chrome,True,MOVE_TO_FOREGROUND,True
1557039506508,Chrome,com.android.chrome,True,MOVE_TO_BACKGROUND,True
1557039956602,카카오톡,com.kakao.talk,False,USER_INTERACTION,False
1557039958318,Chrome,com.android.chrome,True,MOVE_TO_FOREGROUND,True
1557039960236,Chrome,com.android.chrome,True,MOVE_TO_BACKGROUND,True
1557039960282,기본홈,com.lge.launcher3,True,MOVE_TO_FOREGROUND,False
1557039961373,기본홈,com.lge.launcher3,True,MOVE_TO_BACKGROUND,False
1557039961412,카카오톡,com.kakao.talk,False,MOVE_TO_FOREGROUND,False
1557039962953,카카오톡,com.kakao.talk,False,MOVE_TO_BACKGROUND,False
1557039962972,카카오톡,com.kakao.talk,False,MOVE_TO_FOREGROUND,False
1557039966303,카카오톡,com.kakao.talk,False,MOVE_TO_BACKGROUND,False
1557039966336,카카오톡,com.kakao.talk,False,MOVE_TO_FOREGROUND,False
1557040048820,카카오톡,com.kakao.talk,False,MOVE_TO_BACKGROUND,False
1557040620568,카카오톡,com.kakao.talk,False,USER_INTERACTION,False
1557040954819,카카오톡,com.kakao.talk,False,MOVE_TO_FOREGROUND,False
1557040956038,카카오톡,com.kakao.talk,False,MOVE_TO_BACKGROUND,False
1557040956054,기본홈,com.lge.launcher3,True,MOVE_TO_FOREGROUND,False
1557040956767,기본홈,com.lge.launcher3,True,MOVE_TO_BACKGROUND,False
1557040956795,Chrome,com.android.chrome,True,MOVE_TO_FOREGROUND,True
1557040980801,Chrome,com.android.chrome,True,MOVE_TO_BACKGROUND,True
1557040996120,카카오톡,com.kakao.talk,False,USER_INTERACTION,False
1557041258833,Chrome,com.android.chrome,True,MOVE_TO_FOREGROUND,True
1557041260206,Chrome,com.android.chrome,True,MOVE_TO_BACKGROUND,True
1557041260249,시스템 UI,com.android.systemui,True,MOVE_TO_FOREGROUND,False
1557041263263,시스템 UI,com.android.systemui,True,MOVE_TO_BACKGROUND,False
1557041263273,기본홈,com.lge.launcher3,True,MOVE_TO_FOREGROUND,False
1557041265118,기본홈,com.lge.launcher3,True,MOVE_TO_BACKGROUND,False
1557041265152,Paco,com.pacoapp.paco,False,MOVE_TO_FOREGROUND,False
1557041267154,Paco,com.pacoapp.paco,False,MOVE_TO_BACKGROUND,False
1557041267167,Paco,com.pacoapp.paco,False,MOVE_TO_FOREGROUND,False
1557041286038,Paco,com.pacoapp.paco,False,MOVE_TO_BACKGROUND,False
1557041286073,Paco,com.pacoapp.paco,False,MOVE_TO_FOREGROUND,False
1557041287883,Paco,com.pacoapp.paco,False,MOVE_TO_BACKGROUND,False
1557041287897,기본홈,com.lge.launcher3,True,MOVE_TO_FOREGROUND,False
1557041288754,기본홈,com.lge.launcher3,True,MOVE_TO_BACKGROUND,False
1557041288767,시스템 UI,com.android.systemui,True,MOVE_TO_FOREGROUND,False
1557041289294,시스템 UI,com.android.systemui,True,MOVE_TO_BACKGROUND,False
1557041289326,Paco,com.pacoapp.paco,False,MOVE_TO_FOREGROUND,False
1557041290005,Paco,com.pacoapp.paco,False,MOVE_TO_BACKGROUND,False
1557041290015,기본홈,com.lge.launcher3,True,MOVE_TO_FOREGROUND,False
1557041291105,기본홈,com.lge.launcher3,True,MOVE_TO_BACKGROUND,False
1557042791653,카카오톡,com.kakao.talk,False,USER_INTERACTION,False
1557042791996,카카오톡,com.kakao.talk,False,USER_INTERACTION,False
1557042806872,카카오톡,com.kakao.talk,False,USER_INTERACTION,False
1557042818217,카카오톡,com.kakao.talk,False,USER_INTERACTION,False
1557044964438,카카오톡,com.kakao.talk,False,USER_INTERACTION,False
1557044970277,기본홈,com.lge.launcher3,True,MOVE_TO_FOREGROUND,False
1557044971544,기본홈,com.lge.launcher3,True,MOVE_TO_BACKGROUND,False
1557044971597,카카오톡,com.kakao.talk,False,MOVE_TO_FOREGROUND,False
1557044972218,카카오톡,com.kakao.talk,False,MOVE_TO_BACKGROUND,False
1557044972234,카카오톡,com.kakao.talk,False,MOVE_TO_FOREGROUND,False
1557044972267,카카오톡,com.kakao.talk,False,MOVE_TO_BACKGROUND,False
1557044972297,카카오톡,com.kakao.talk,False,MOVE_TO_FOREGROUND,False
1557044980742,카카오톡,com.kakao.talk,False,MOVE_TO_BACKGROUND,False
1557044980785,카카오톡,com.kakao.talk,False,MOVE_TO_FOREGROUND,False
1557044994272,카카오톡,com.kakao.talk,False,MOVE_TO_BACKGROUND,False
1557044994294,카카오톡,com.kakao.talk,False,MOVE_TO_FOREGROUND,False
1557044996191,카카오톡,com.kakao.talk,False,MOVE_TO_BACKGROUND,False
1557044996222,카카오톡,com.kakao.talk,False,MOVE_TO_FOREGROUND,False
1557045002971,카카오톡,com.kakao.talk,False,MOVE_TO_BACKGROUND,False
1557045002983,카카오톡,com.kakao.talk,False,MOVE_TO_FOREGROUND,False
1557045006403,카카오톡,com.kakao.talk,False,MOVE_TO_BACKGROUND,False
1557045006428,카카오톡,com.kakao.talk,False,MOVE_TO_FOREGROUND,False
1557045042181,카카오톡,com.kakao.talk,False,MOVE_TO_BACKGROUND,False
1557045042209,카카오톡,com.kakao.talk,False,MOVE_TO_FOREGROUND,False
1557045045077,카카오톡,com.kakao.talk,False,MOVE_TO_BACKGROUND,False
1557045045102,카카오톡,com.kakao.talk,False,MOVE_TO_FOREGROUND,False
1557045069649,카카오톡,com.kakao.talk,False,MOVE_TO_BACKGROUND,False
1557045069674,카카오톡,com.kakao.talk,False,MOVE_TO_FOREGROUND,False
1557045074371,카카오톡,com.kakao.talk,False,MOVE_TO_BACKGROUND,False
1557045074398,카카오톡,com.kakao.talk,False,MOVE_TO_FOREGROUND,False
1557045107345,카카오톡,com.kakao.talk,False,USER_INTERACTION,False
1557045109188,카카오톡,com.kakao.talk,False,MOVE_TO_BACKGROUND,False
1557045109213,카카오톡,com.kakao.talk,False,MOVE_TO_FOREGROUND,False
1557045113786,카카오톡,com.kakao.talk,False,MOVE_TO_BACKGROUND,False
1557045113814,카카오톡,com.kakao.talk,False,MOVE_TO_FOREGROUND,False
1557045128792,카카오톡,com.kakao.talk,False,MOVE_TO_BACKGROUND,False
1557045128803,카카오톡,com.kakao.talk,False,MOVE_TO_FOREGROUND,False
1557045130215,카카오톡,com.kakao.talk,False,MOVE_TO_BACKGROUND,False
1557045130226,기본홈,com.lge.launcher3,True,MOVE_TO_FOREGROUND,False
1557045134098,기본홈,com.lge.launcher3,True,MOVE_TO_BACKGROUND,False
1557045134161,Facebook,com.facebook.katana,False,MOVE_TO_FOREGROUND,False
1557045154960,카카오톡,com.kakao.talk,False,USER_INTERACTION,False
1557045157139,Facebook,com.facebook.katana,False,MOVE_TO_BACKGROUND,False
1557045157222,카카오톡,com.kakao.talk,False,MOVE_TO_FOREGROUND,False
1557045157295,카카오톡,com.kakao.talk,False,MOVE_TO_BACKGROUND,False
1557045157317,카카오톡,com.kakao.talk,False,MOVE_TO_FOREGROUND,False
1557045188898,카카오톡,com.kakao.talk,False,USER_INTERACTION,False
1557045192145,카카오톡,com.kakao.talk,False,MOVE_TO_BACKGROUND,False
1557045192186,카카오톡,com.kakao.talk,False,MOVE_TO_FOREGROUND,False
1557045192239,카카오톡,com.kakao.talk,False,MOVE_TO_BACKGROUND,False
1557045192431,카카오톡,com.kakao.talk,False,MOVE_TO_FOREGROUND,False
1557045192580,카카오톡,com.kakao.talk,False,MOVE_TO_BACKGROUND,False
1557045192678,카카오톡,com.kakao.talk,False,MOVE_TO_FOREGROUND,False
1557045194650,카카오톡,com.kakao.talk,False,MOVE_TO_BACKGROUND,False
1557045194672,카카오톡,com.kakao.talk,False,MOVE_TO_FOREGROUND,False
1557045208783,카카오톡,com.kakao.talk,False,MOVE_TO_BACKGROUND,False
1557045208798,기본홈,com.lge.launcher3,True,MOVE_TO_FOREGROUND,False
1557045211315,기본홈,com.lge.launcher3,True,MOVE_TO_BACKGROUND,False
1557045211367,카카오톡,com.kakao.talk,False,MOVE_TO_FOREGROUND,False
1557045224710,카카오톡,com.kakao.talk,False,MOVE_TO_BACKGROUND,False
1557045224723,기본홈,com.lge.launcher3,True,MOVE_TO_FOREGROUND,False
1557045225329,카카오톡,com.kakao.talk,False,USER_INTERACTION,False
1557045231313,기본홈,com.lge.launcher3,True,MOVE_TO_BACKGROUND,False
1557045231372,카카오톡,com.kakao.talk,False,MOVE_TO_FOREGROUND,False
1557045231396,카카오톡,com.kakao.talk,False,MOVE_TO_BACKGROUND,False
1557045231416,카카오톡,com.kakao.talk,False,MOVE_TO_FOREGROUND,False
1557045252876,카카오톡,com.kakao.talk,False,MOVE_TO_BACKGROUND,False
1557045252889,기본홈,com.lge.launcher3,True,MOVE_TO_FOREGROUND,False
1557045254775,기본홈,com.lge.launcher3,True,MOVE_TO_BACKGROUND,False
1557045254854,카카오톡,com.kakao.talk,False,MOVE_TO_FOREGROUND,False
1557045255610,카카오톡,com.kakao.talk,False,MOVE_TO_BACKGROUND,False
1557045255622,기본홈,com.lge.launcher3,True,MOVE_TO_FOREGROUND,False
1557045256416,기본홈,com.lge.launcher3,True,MOVE_TO_BACKGROUND,False
1557045256467,카카오톡,com.kakao.talk,False,MOVE_TO_FOREGROUND,False
1557045271272,카카오톡,com.kakao.talk,False,MOVE_TO_BACKGROUND,False
1557045271292,기본홈,com.lge.launcher3,True,MOVE_TO_FOREGROUND,False
1557045277440,기본홈,com.lge.launcher3,True,MOVE_TO_BACKGROUND,False
1557045277478,카카오톡,com.kakao.talk,False,MOVE_TO_FOREGROUND,False
1557045286377,카카오톡,com.kakao.talk,False,MOVE_TO_BACKGROUND,False
1557045286388,기본홈,com.lge.launcher3,True,MOVE_TO_FOREGROUND,False
1557045298291,기본홈,com.lge.launcher3,True,MOVE_TO_BACKGROUND,False
1557045298327,Paco,com.pacoapp.paco,False,MOVE_TO_FOREGROUND,False
1557045299084,Paco,com.pacoapp.paco,False,MOVE_TO_BACKGROUND,False
1557045299101,Paco,com.pacoapp.paco,False,MOVE_TO_FOREGROUND,False
1557045317036,Paco,com.pacoapp.paco,False,MOVE_TO_BACKGROUND,False
1557045317081,Paco,com.pacoapp.paco,False,MOVE_TO_FOREGROUND,False
1557045318480,Paco,com.pacoapp.paco,False,MOVE_TO_BACKGROUND,False
1557045318493,기본홈,com.lge.launcher3,True,MOVE_TO_FOREGROUND,False
1557045319171,기본홈,com.lge.launcher3,True,MOVE_TO_BACKGROUND,False
1557045319221,카카오톡,com.kakao.talk,False,MOVE_TO_FOREGROUND,False
1557045321727,카카오톡,com.kakao.talk,False,MOVE_TO_BACKGROUND,False
1557045321740,기본홈,com.lge.launcher3,True,MOVE_TO_FOREGROUND,False
1557045325981,기본홈,com.lge.launcher3,True,MOVE_TO_BACKGROUND,False
1557045326022,Facebook,com.facebook.katana,False,MOVE_TO_FOREGROUND,False
1557045327454,Facebook,com.facebook.katana,False,MOVE_TO_BACKGROUND,False
1557045327468,기본홈,com.lge.launcher3,True,MOVE_TO_FOREGROUND,False
1557045328182,기본홈,com.lge.launcher3,True,MOVE_TO_BACKGROUND,False
1557045328216,카카오톡,com.kakao.talk,False,MOVE_TO_FOREGROUND,False
1557045434905,카카오톡,com.kakao.talk,False,MOVE_TO_BACKGROUND,False
1557045434918,기본홈,com.lge.launcher3,True,MOVE_TO_FOREGROUND,False
1557045436303,기본홈,com.lge.launcher3,True,MOVE_TO_BACKGROUND,False
1557045436325,Facebook,com.facebook.katana,False,MOVE_TO_FOREGROUND,False
1557045439290,Facebook,com.facebook.katana,False,MOVE_TO_BACKGROUND,False
1557045439342,Facebook,com.facebook.katana,False,MOVE_TO_FOREGROUND,False
1557045445084,Facebook,com.facebook.katana,False,MOVE_TO_BACKGROUND,False
1557045445106,Facebook,com.facebook.katana,False,MOVE_TO_FOREGROUND,False
1557045569452,카카오톡,com.kakao.talk,False,USER_INTERACTION,False
1557045581595,Facebook,com.facebook.katana,False,MOVE_TO_BACKGROUND,False
1557045581684,카카오톡,com.kakao.talk,False,MOVE_TO_FOREGROUND,False
1557045581724,카카오톡,com.kakao.talk,False,MOVE_TO_BACKGROUND,False
1557045581751,카카오톡,com.kakao.talk,False,MOVE_TO_FOREGROUND,False
1557045593162,카카오톡,com.kakao.talk,False,MOVE_TO_BACKGROUND,False
1557045593175,기본홈,com.lge.launcher3,True,MOVE_TO_FOREGROUND,False
1557045594120,기본홈,com.lge.launcher3,True,MOVE_TO_BACKGROUND,False
1557045594166,Facebook,com.facebook.katana,False,MOVE_TO_FOREGROUND,False
1557045599532,Facebook,com.facebook.katana,False,MOVE_TO_BACKGROUND,False
1557045599546,시스템 UI,com.android.systemui,True,MOVE_TO_FOREGROUND,False
1557045600334,시스템 UI,com.android.systemui,True,MOVE_TO_BACKGROUND,False
1557045600381,카카오톡,com.kakao.talk,False,MOVE_TO_FOREGROUND,False
1557045615045,카카오톡,com.kakao.talk,False,MOVE_TO_BACKGROUND,False
1557045615063,기본홈,com.lge.launcher3,True,MOVE_TO_FOREGROUND,False
1557045616025,기본홈,com.lge.launcher3,True,MOVE_TO_BACKGROUND,False
1557045616053,Facebook,com.facebook.katana,False,MOVE_TO_FOREGROUND,False
1557045620496,Facebook,com.facebook.katana,False,MOVE_TO_BACKGROUND,False
1557045620540,Facebook,com.facebook.katana,False,MOVE_TO_FOREGROUND,False
1557045623139,Facebook,com.facebook.katana,False,MOVE_TO_BACKGROUND,False
1557045623219,Facebook,com.facebook.katana,False,MOVE_TO_FOREGROUND,False
1557045635484,Facebook,com.facebook.katana,False,MOVE_TO_BACKGROUND,False
1557045635569,Facebook,com.facebook.katana,False,MOVE_TO_FOREGROUND,False
1557045691965,Facebook,com.facebook.katana,False,MOVE_TO_BACKGROUND,False
1557045692064,Facebook,com.facebook.katana,False,MOVE_TO_FOREGROUND,False
1557045799993,카카오톡,com.kakao.talk,False,USER_INTERACTION,False
1557045817048,카카오톡,com.kakao.talk,False,USER_INTERACTION,False
1557045959655,Facebook,com.facebook.katana,False,MOVE_TO_BACKGROUND,False
1557045962442,카카오톡,com.kakao.talk,False,USER_INTERACTION,False
1557046006073,Facebook,com.facebook.katana,False,MOVE_TO_FOREGROUND,False
1557047924757,Facebook,com.facebook.katana,False,MOVE_TO_BACKGROUND,False
1557047925175,Facebook,com.facebook.katana,False,MOVE_TO_FOREGROUND,False
1557047925432,Facebook,com.facebook.katana,False,MOVE_TO_BACKGROUND,False
1557047926456,카카오톡,com.kakao.talk,False,USER_INTERACTION,False
1557052636300,카카오톡,com.kakao.talk,False,USER_INTERACTION,False
1557052638316,Facebook,com.facebook.katana,False,MOVE_TO_FOREGROUND,False
1557052641503,Facebook,com.facebook.katana,False,MOVE_TO_BACKGROUND,False
1557052641519,기본홈,com.lge.launcher3,True,MOVE_TO_FOREGROUND,False
1557052649194,기본홈,com.lge.launcher3,True,MOVE_TO_BACKGROUND,False
1557052649245,Paco,com.pacoapp.paco,False,MOVE_TO_FOREGROUND,False
1557052652025,Paco,com.pacoapp.paco,False,MOVE_TO_BACKGROUND,False
1557052652044,Paco,com.pacoapp.paco,False,MOVE_TO_FOREGROUND,False
1557052675946,Paco,com.pacoapp.paco,False,MOVE_TO_BACKGROUND,False
1557052675998,Paco,com.pacoapp.paco,False,MOVE_TO_FOREGROUND,False
1557052679415,Paco,com.pacoapp.paco,False,MOVE_TO_BACKGROUND,False
1557052679427,Paco,com.pacoapp.paco,False,MOVE_TO_FOREGROUND,False
1557052680805,Paco,com.pacoapp.paco,False,MOVE_TO_BACKGROUND,False
1557056683552,카카오톡,com.kakao.talk,False,USER_INTERACTION,False
1557056728473,Paco,com.pacoapp.paco,False,MOVE_TO_FOREGROUND,False
1557056730472,Paco,com.pacoapp.paco,False,MOVE_TO_BACKGROUND,False
1557056730483,기본홈,com.lge.launcher3,True,MOVE_TO_FOREGROUND,False
1557056732269,기본홈,com.lge.launcher3,True,MOVE_TO_BACKGROUND,False
1557056732281,시스템 UI,com.android.systemui,True,MOVE_TO_FOREGROUND,False
1557056732915,시스템 UI,com.android.systemui,True,MOVE_TO_BACKGROUND,False
1557056732959,Paco,com.pacoapp.paco,False,MOVE_TO_FOREGROUND,False
1557056733414,Paco,com.pacoapp.paco,False,MOVE_TO_BACKGROUND,False
1557056733438,Paco,com.pacoapp.paco,False,MOVE_TO_FOREGROUND,False
1557056753260,Paco,com.pacoapp.paco,False,MOVE_TO_BACKGROUND,False
1557056753309,Paco,com.pacoapp.paco,False,MOVE_TO_FOREGROUND,False
1557056754604,Paco,com.pacoapp.paco,False,MOVE_TO_BACKGROUND,False
1557056754617,기본홈,com.lge.launcher3,True,MOVE_TO_FOREGROUND,False
1557056755199,기본홈,com.lge.launcher3,True,MOVE_TO_BACKGROUND,False
1557056755261,카카오톡,com.kakao.talk,False,MOVE_TO_FOREGROUND,False
1557056756905,카카오톡,com.kakao.talk,False,MOVE_TO_BACKGROUND,False
1557056756920,카카오톡,com.kakao.talk,False,MOVE_TO_FOREGROUND,False
1557056759157,카카오톡,com.kakao.talk,False,MOVE_TO_BACKGROUND,False
1557056804845,카카오톡,com.kakao.talk,False,USER_INTERACTION,False
1557056806532,카카오톡,com.kakao.talk,False,MOVE_TO_FOREGROUND,False
1557056811342,카카오톡,com.kakao.talk,False,MOVE_TO_BACKGROUND,False
1557056811369,카카오톡,com.kakao.talk,False,MOVE_TO_FOREGROUND,False
1557056813418,카카오톡,com.kakao.talk,False,MOVE_TO_BACKGROUND,False
1557056813434,카카오톡,com.kakao.talk,False,MOVE_TO_FOREGROUND,False
1557056821172,카카오톡,com.kakao.talk,False,MOVE_TO_BACKGROUND,False
1557056821186,기본홈,com.lge.launcher3,True,MOVE_TO_FOREGROUND,False
1557056824196,기본홈,com.lge.launcher3,True,MOVE_TO_BACKGROUND,False
1557056824241,Facebook,com.facebook.katana,False,MOVE_TO_FOREGROUND,False
1557056836482,Facebook,com.facebook.katana,False,MOVE_TO_BACKGROUND,False
1557056837013,Facebook,com.facebook.katana,False,MOVE_TO_FOREGROUND,False
1557056839980,Facebook,com.facebook.katana,False,MOVE_TO_BACKGROUND,False
1557056840052,Facebook,com.facebook.katana,False,MOVE_TO_FOREGROUND,False
1557056928760,카카오톡,com.kakao.talk,False,USER_INTERACTION,False
1557056936266,카카오톡,com.kakao.talk,False,USER_INTERACTION,False
1557056949159,카카오톡,com.kakao.talk,False,USER_INTERACTION,False
1557056957299,카카오톡,com.kakao.talk,False,USER_INTERACTION,False
1557056996144,Facebook,com.facebook.katana,False,MOVE_TO_BACKGROUND,False
1557056996159,기본홈,com.lge.launcher3,True,MOVE_TO_FOREGROUND,False
1557056997032,기본홈,com.lge.launcher3,True,MOVE_TO_BACKGROUND,False
1557056997143,주소록,com.android.contacts,True,MOVE_TO_FOREGROUND,False
1557056999665,주소록,com.android.contacts,True,MOVE_TO_BACKGROUND,False
1557056999677,기본홈,com.lge.launcher3,True,MOVE_TO_FOREGROUND,False
1557057000329,기본홈,com.lge.launcher3,True,MOVE_TO_BACKGROUND,False
1557057000370,카카오톡,com.kakao.talk,False,MOVE_TO_FOREGROUND,False
1557057002494,카카오톡,com.kakao.talk,False,MOVE_TO_BACKGROUND,False
1557057002524,카카오톡,com.kakao.talk,False,MOVE_TO_FOREGROUND,False
1557057007690,카카오톡,com.kakao.talk,False,MOVE_TO_BACKGROUND,False
1557057007705,기본홈,com.lge.launcher3,True,MOVE_TO_FOREGROUND,False
1557057008534,기본홈,com.lge.launcher3,True,MOVE_TO_BACKGROUND,False
1557057008594,카카오톡,com.kakao.talk,False,MOVE_TO_FOREGROUND,False
1557057070251,카카오톡,com.kakao.talk,False,MOVE_TO_BACKGROUND,False
1557057070267,기본홈,com.lge.launcher3,True,MOVE_TO_FOREGROUND,False
1557057072982,기본홈,com.lge.launcher3,True,MOVE_TO_BACKGROUND,False
1557057073005,Facebook,com.facebook.katana,False,MOVE_TO_FOREGROUND,False
1557057120256,Facebook,com.facebook.katana,False,MOVE_TO_BACKGROUND,False
1557057120270,시스템 UI,com.android.systemui,True,MOVE_TO_FOREGROUND,False
1557057120990,시스템 UI,com.android.systemui,True,MOVE_TO_BACKGROUND,False
1557057121037,카카오톡,com.kakao.talk,False,MOVE_TO_FOREGROUND,False
1557057122631,카카오톡,com.kakao.talk,False,MOVE_TO_BACKGROUND,False
1557057122648,카카오톡,com.kakao.talk,False,MOVE_TO_FOREGROUND,False
1557057123952,카카오톡,com.kakao.talk,False,MOVE_TO_BACKGROUND,False
1557057124008,카카오톡,com.kakao.talk,False,MOVE_TO_FOREGROUND,False
1557057167810,카카오톡,com.kakao.talk,False,MOVE_TO_BACKGROUND,False
1557057167824,카카오톡,com.kakao.talk,False,MOVE_TO_FOREGROUND,False
1557057169923,카카오톡,com.kakao.talk,False,MOVE_TO_BACKGROUND,False
1557057184873,카카오톡,com.kakao.talk,False,USER_INTERACTION,False
1557057186908,카카오톡,com.kakao.talk,False,MOVE_TO_FOREGROUND,False
1557057192989,카카오톡,com.kakao.talk,False,MOVE_TO_BACKGROUND,False
1557059111774,Facebook,com.facebook.katana,False,USER_INTERACTION,False
1557059112276,카카오톡,com.kakao.talk,False,USER_INTERACTION,False
1557059118748,카카오톡,com.kakao.talk,False,MOVE_TO_FOREGROUND,False
1557059121070,카카오톡,com.kakao.talk,False,MOVE_TO_BACKGROUND,False
1557059476073,카카오톡,com.kakao.talk,False,USER_INTERACTION,False
1557059478987,카카오톡,com.kakao.talk,False,MOVE_TO_FOREGROUND,False
1557059481163,카카오톡,com.kakao.talk,False,MOVE_TO_BACKGROUND,False
1557059481176,기본홈,com.lge.launcher3,True,MOVE_TO_FOREGROUND,False
1557059482253,기본홈,com.lge.launcher3,True,MOVE_TO_BACKGROUND,False
1557059482281,Facebook,com.facebook.katana,False,MOVE_TO_FOREGROUND,False
1557059581248,Facebook,com.facebook.katana,False,MOVE_TO_BACKGROUND,False
1557059581263,기본홈,com.lge.launcher3,True,MOVE_TO_FOREGROUND,False
1557059582362,기본홈,com.lge.launcher3,True,MOVE_TO_BACKGROUND,False
1557059936252,카카오톡,com.kakao.talk,False,USER_INTERACTION,False
1557059938075,기본홈,com.lge.launcher3,True,MOVE_TO_FOREGROUND,False
1557059939371,기본홈,com.lge.launcher3,True,MOVE_TO_BACKGROUND,False
1557059939403,카카오톡,com.kakao.talk,False,MOVE_TO_FOREGROUND,False
1557059942158,카카오톡,com.kakao.talk,False,MOVE_TO_BACKGROUND,False
1557059942170,기본홈,com.lge.launcher3,True,MOVE_TO_FOREGROUND,False
1557059943347,기본홈,com.lge.launcher3,True,MOVE_TO_BACKGROUND,False
1557059943373,Facebook,com.facebook.katana,False,MOVE_TO_FOREGROUND,False
1557059957866,Facebook,com.facebook.katana,False,MOVE_TO_BACKGROUND,False
1557059957919,Facebook,com.facebook.katana,False,MOVE_TO_FOREGROUND,False
1557059961220,Facebook,com.facebook.katana,False,MOVE_TO_BACKGROUND,False
1557059961274,Facebook,com.facebook.katana,False,MOVE_TO_FOREGROUND,False
1557059970336,Facebook,com.facebook.katana,False,MOVE_TO_BACKGROUND,False
1557059970357,Facebook,com.facebook.katana,False,MOVE_TO_FOREGROUND,False
1557059972986,Facebook,com.facebook.katana,False,MOVE_TO_BACKGROUND,False
1557059973008,Facebook,com.facebook.katana,False,MOVE_TO_FOREGROUND,False
1557059987475,Facebook,com.facebook.katana,False,MOVE_TO_BACKGROUND,False
1557060172463,카카오톡,com.kakao.talk,False,USER_INTERACTION,False
1557060174107,Facebook,com.facebook.katana,False,MOVE_TO_FOREGROUND,False
1557060177691,Facebook,com.facebook.katana,False,MOVE_TO_BACKGROUND,False
1557060177705,기본홈,com.lge.launcher3,True,MOVE_TO_FOREGROUND,False
1557060180658,기본홈,com.lge.launcher3,True,MOVE_TO_BACKGROUND,False
1557060180710,Logger,iclab.kaist.ac.kr.msband_logger,False,MOVE_TO_FOREGROUND,False
1557060181048,Logger,iclab.kaist.ac.kr.msband_logger,False,MOVE_TO_BACKGROUND,False
1557060181190,패키지 설치 프로그램,com.google.android.packageinstaller,True,MOVE_TO_FOREGROUND,False
1557060181406,패키지 설치 프로그램,com.google.android.packageinstaller,True,MOVE_TO_BACKGROUND,False
1557060181432,Logger,iclab.kaist.ac.kr.msband_logger,False,MOVE_TO_FOREGROUND,False
1557060181514,Logger,iclab.kaist.ac.kr.msband_logger,False,MOVE_TO_BACKGROUND,False
1557060181526,기본홈,com.lge.launcher3,True,MOVE_TO_FOREGROUND,False
1557060182355,기본홈,com.lge.launcher3,True,MOVE_TO_BACKGROUND,False
1557060182390,Paco,com.pacoapp.paco,False,MOVE_TO_FOREGROUND,False
1557060183347,Paco,com.pacoapp.paco,False,MOVE_TO_BACKGROUND,False
1557060183364,Paco,com.pacoapp.paco,False,MOVE_TO_FOREGROUND,False
1557060202726,Paco,com.pacoapp.paco,False,MOVE_TO_BACKGROUND,False
1557060202777,Paco,com.pacoapp.paco,False,MOVE_TO_FOREGROUND,False
1557060205866,Paco,com.pacoapp.paco,False,MOVE_TO_BACKGROUND,False
1557060205879,기본홈,com.lge.launcher3,True,MOVE_TO_FOREGROUND,False
1557060207446,기본홈,com.lge.launcher3,True,MOVE_TO_BACKGROUND,False
1557060471669,카카오톡,com.kakao.talk,False,USER_INTERACTION,False
1557060474486,기본홈,com.lge.launcher3,True,MOVE_TO_FOREGROUND,False
1557060476322,기본홈,com.lge.launcher3,True,MOVE_TO_BACKGROUND,False
1557060476346,카카오톡,com.kakao.talk,False,MOVE_TO_FOREGROUND,False
1557060478716,카카오톡,com.kakao.talk,False,MOVE_TO_BACKGROUND,False
1557060478729,기본홈,com.lge.launcher3,True,MOVE_TO_FOREGROUND,False
1557060480833,카카오뱅크,com.kakaobank.channel,False,USER_INTERACTION,False
1557060484340,기본홈,com.lge.launcher3,True,MOVE_TO_BACKGROUND,False
1557060484378,카카오톡,com.kakao.talk,False,MOVE_TO_FOREGROUND,False
1557060486147,카카오톡,com.kakao.talk,False,MOVE_TO_BACKGROUND,False
1557060486162,카카오톡,com.kakao.talk,False,MOVE_TO_FOREGROUND,False
1557060487265,카카오톡,com.kakao.talk,False,MOVE_TO_BACKGROUND,False
1557060487280,카카오톡,com.kakao.talk,False,MOVE_TO_FOREGROUND,False
1557060495276,카카오톡,com.kakao.talk,False,MOVE_TO_BACKGROUND,False
1557060495291,카카오톡,com.kakao.talk,False,MOVE_TO_FOREGROUND,False
1557060496533,카카오톡,com.kakao.talk,False,MOVE_TO_BACKGROUND,False
1557060496557,카카오톡,com.kakao.talk,False,MOVE_TO_FOREGROUND,False
1557060497524,카카오톡,com.kakao.talk,False,MOVE_TO_BACKGROUND,False
1557060497536,기본홈,com.lge.launcher3,True,MOVE_TO_FOREGROUND,False
1557060499034,기본홈,com.lge.launcher3,True,MOVE_TO_BACKGROUND,False
1557060499060,카메라,com.lge.camera,True,MOVE_TO_FOREGROUND,False
1557060518485,카카오톡,com.kakao.talk,False,USER_INTERACTION,False
1557060534021,카메라,com.lge.camera,True,MOVE_TO_BACKGROUND,False
1557060534538,기본홈,com.lge.launcher3,True,MOVE_TO_FOREGROUND,False
1557060535717,기본홈,com.lge.launcher3,True,MOVE_TO_BACKGROUND,False
1557060817056,카카오톡,com.kakao.talk,False,USER_INTERACTION,False
1557060819022,기본홈,com.lge.launcher3,True,MOVE_TO_FOREGROUND,False
1557060825405,기본홈,com.lge.launcher3,True,MOVE_TO_BACKGROUND,False
1557060825443,카카오톡,com.kakao.talk,False,MOVE_TO_FOREGROUND,False
1557060828009,카카오톡,com.kakao.talk,False,MOVE_TO_BACKGROUND,False
1557060969605,카카오톡,com.kakao.talk,False,USER_INTERACTION,False
1557060971700,카카오톡,com.kakao.talk,False,MOVE_TO_FOREGROUND,False
1557060974633,카카오톡,com.kakao.talk,False,MOVE_TO_BACKGROUND,False
1557060974665,카카오톡,com.kakao.talk,False,MOVE_TO_FOREGROUND,False
1557060981060,카카오톡,com.kakao.talk,False,MOVE_TO_BACKGROUND,False
1557060981074,기본홈,com.lge.launcher3,True,MOVE_TO_FOREGROUND,False
1557060996532,카카오톡,com.kakao.talk,False,USER_INTERACTION,False
1557060996708,기본홈,com.lge.launcher3,True,MOVE_TO_BACKGROUND,False
1557060996851,Chrome,com.android.chrome,True,MOVE_TO_FOREGROUND,True
1557060998319,Chrome,com.android.chrome,True,MOVE_TO_BACKGROUND,True
1557060998557,카카오톡,com.kakao.talk,False,MOVE_TO_FOREGROUND,False
1557060998600,카카오톡,com.kakao.talk,False,MOVE_TO_BACKGROUND,False
1557060998693,카카오톡,com.kakao.talk,False,MOVE_TO_FOREGROUND,False
1557061005369,카카오톡,com.kakao.talk,False,MOVE_TO_BACKGROUND,False
1557061005386,기본홈,com.lge.launcher3,True,MOVE_TO_FOREGROUND,False
1557061006373,기본홈,com.lge.launcher3,True,MOVE_TO_BACKGROUND,False
1557061006404,Facebook,com.facebook.katana,False,MOVE_TO_FOREGROUND,False
1557061008408,카카오톡,com.kakao.talk,False,USER_INTERACTION,False
1557061023861,카카오톡,com.kakao.talk,False,USER_INTERACTION,False
1557061025449,Facebook,com.facebook.katana,False,MOVE_TO_BACKGROUND,False
1557061025553,카카오톡,com.kakao.talk,False,MOVE_TO_FOREGROUND,False
1557061025593,카카오톡,com.kakao.talk,False,MOVE_TO_BACKGROUND,False
1557061025714,카카오톡,com.kakao.talk,False,MOVE_TO_FOREGROUND,False
1557061057866,카카오톡,com.kakao.talk,False,USER_INTERACTION,False
1557061071589,카카오톡,com.kakao.talk,False,MOVE_TO_BACKGROUND,False
1557061077278,카카오톡,com.kakao.talk,False,USER_INTERACTION,False
1557061087744,카카오톡,com.kakao.talk,False,USER_INTERACTION,False
1557061922054,카카오톡,com.kakao.talk,False,USER_INTERACTION,False
1557061940994,카카오톡,com.kakao.talk,False,USER_INTERACTION,False
1557062615952,카카오톡,com.kakao.talk,False,USER_INTERACTION,False
1557062620294,카카오톡,com.kakao.talk,False,MOVE_TO_FOREGROUND,False
1557062625780,카카오톡,com.kakao.talk,False,MOVE_TO_BACKGROUND,False
1557062625811,카카오톡,com.kakao.talk,False,MOVE_TO_FOREGROUND,False
1557062629561,카카오톡,com.kakao.talk,False,MOVE_TO_BACKGROUND,False
1557062629574,기본홈,com.lge.launcher3,True,MOVE_TO_FOREGROUND,False
1557062630857,기본홈,com.lge.launcher3,True,MOVE_TO_BACKGROUND,False
1557062630906,Facebook,com.facebook.katana,False,MOVE_TO_FOREGROUND,False
1557062640431,Facebook,com.facebook.katana,False,MOVE_TO_BACKGROUND,False
1557062643862,카카오톡,com.kakao.talk,False,USER_INTERACTION,False
1557062646038,Facebook,com.facebook.katana,False,MOVE_TO_FOREGROUND,False
1557062688888,카카오톡,com.kakao.talk,False,USER_INTERACTION,False
1557062689997,Facebook,com.facebook.katana,False,MOVE_TO_BACKGROUND,False
1557062690056,Wi-Fi,com.lge.wifisettings,True,MOVE_TO_FOREGROUND,False
1557062695742,Wi-Fi,com.lge.wifisettings,True,MOVE_TO_BACKGROUND,False
1557062695805,Facebook,com.facebook.katana,False,MOVE_TO_FOREGROUND,False
1557063108738,Facebook,com.facebook.katana,False,MOVE_TO_BACKGROUND,False
1557063130536,카카오톡,com.kakao.talk,False,USER_INTERACTION,False
1557063132457,Facebook,com.facebook.katana,False,MOVE_TO_FOREGROUND,False
1557063231540,Facebook,com.facebook.katana,False,MOVE_TO_BACKGROUND,False
1557063231630,Facebook,com.facebook.katana,False,MOVE_TO_FOREGROUND,False
1557063236634,Facebook,com.facebook.katana,False,MOVE_TO_BACKGROUND,False
1557063236678,Facebook,com.facebook.katana,False,MOVE_TO_FOREGROUND,False
1557063248527,Facebook,com.facebook.katana,False,MOVE_TO_BACKGROUND,False
1557065384397,카카오톡,com.kakao.talk,False,USER_INTERACTION,False
1557065386669,Facebook,com.facebook.katana,False,MOVE_TO_FOREGROUND,False
1557065388345,Facebook,com.facebook.katana,False,MOVE_TO_BACKGROUND,False
1557065388362,기본홈,com.lge.launcher3,True,MOVE_TO_FOREGROUND,False
1557065392781,기본홈,com.lge.launcher3,True,MOVE_TO_BACKGROUND,False
1557065392826,Paco,com.pacoapp.paco,False,MOVE_TO_FOREGROUND,False
1557065396080,Paco,com.pacoapp.paco,False,MOVE_TO_BACKGROUND,False
1557065396108,Paco,com.pacoapp.paco,False,MOVE_TO_FOREGROUND,False
1557065451762,Paco,com.pacoapp.paco,False,MOVE_TO_BACKGROUND,False
1557065451803,Paco,com.pacoapp.paco,False,MOVE_TO_FOREGROUND,False
1557065456201,Paco,com.pacoapp.paco,False,MOVE_TO_BACKGROUND,False
1557065478806,Paco,com.pacoapp.paco,False,MOVE_TO_FOREGROUND,False
1557065479397,Paco,com.pacoapp.paco,False,MOVE_TO_BACKGROUND,False
1557065479413,기본홈,com.lge.launcher3,True,MOVE_TO_FOREGROUND,False
1557065481973,기본홈,com.lge.launcher3,True,MOVE_TO_BACKGROUND,False
1557065482022,Polar Beat,fi.polar.beat,False,MOVE_TO_FOREGROUND,False
1557065482714,Polar Beat,fi.polar.beat,False,MOVE_TO_BACKGROUND,False
1557065482728,Polar Beat,fi.polar.beat,False,MOVE_TO_FOREGROUND,False
1557065483454,Polar Beat,fi.polar.beat,False,MOVE_TO_BACKGROUND,False
1557065483523,Polar Beat,fi.polar.beat,False,MOVE_TO_FOREGROUND,False
1557065488052,Polar Beat,fi.polar.beat,False,MOVE_TO_BACKGROUND,False
1557065488106,Polar Beat,fi.polar.beat,False,MOVE_TO_FOREGROUND,False
1557065490120,Polar Beat,fi.polar.beat,False,MOVE_TO_BACKGROUND,False
1557065490131,기본홈,com.lge.launcher3,True,MOVE_TO_FOREGROUND,False
1557065491140,기본홈,com.lge.launcher3,True,MOVE_TO_BACKGROUND,False
1557065491180,Logger,iclab.kaist.ac.kr.msband_logger,False,MOVE_TO_FOREGROUND,False
1557065506064,Logger,iclab.kaist.ac.kr.msband_logger,False,MOVE_TO_BACKGROUND,False
1557065506575,Google,com.google.android.googlequicksearchbox,True,MOVE_TO_FOREGROUND,True
1557065509371,Google,com.google.android.googlequicksearchbox,True,MOVE_TO_BACKGROUND,True
1557065509467,Logger,iclab.kaist.ac.kr.msband_logger,False,MOVE_TO_FOREGROUND,False
1557065547343,Logger,iclab.kaist.ac.kr.msband_logger,False,MOVE_TO_BACKGROUND,False
1557065547352,시스템 UI,com.android.systemui,True,MOVE_TO_FOREGROUND,False
1557065550825,시스템 UI,com.android.systemui,True,MOVE_TO_BACKGROUND,False
1557065550845,기본홈,com.lge.launcher3,True,MOVE_TO_FOREGROUND,False
1557065551652,기본홈,com.lge.launcher3,True,MOVE_TO_BACKGROUND,False
1557065551746,Polar Beat,fi.polar.beat,False,MOVE_TO_FOREGROUND,False
1557065553291,Polar Beat,fi.polar.beat,False,MOVE_TO_BACKGROUND,False
1557065553305,Polar Beat,fi.polar.beat,False,MOVE_TO_FOREGROUND,False
1557065555819,Polar Beat,fi.polar.beat,False,MOVE_TO_BACKGROUND,False
1557065555854,Polar Beat,fi.polar.beat,False,MOVE_TO_FOREGROUND,False
1557065563588,Polar Beat,fi.polar.beat,False,MOVE_TO_BACKGROUND,False
1557065563600,기본홈,com.lge.launcher3,True,MOVE_TO_FOREGROUND,False
1557065564298,기본홈,com.lge.launcher3,True,MOVE_TO_BACKGROUND,False
1557065564312,시스템 UI,com.android.systemui,True,MOVE_TO_FOREGROUND,False
1557065565297,시스템 UI,com.android.systemui,True,MOVE_TO_BACKGROUND,False
1557065565308,기본홈,com.lge.launcher3,True,MOVE_TO_FOREGROUND,False
1557065570543,기본홈,com.lge.launcher3,True,MOVE_TO_BACKGROUND,False
1557067015017,카카오톡,com.kakao.talk,False,USER_INTERACTION,False
1557067015097,카카오톡,com.kakao.talk,False,USER_INTERACTION,False
1557067114817,카카오톡,com.kakao.talk,False,USER_INTERACTION,False
1557067116974,기본홈,com.lge.launcher3,True,MOVE_TO_FOREGROUND,False
1557067119940,기본홈,com.lge.launcher3,True,MOVE_TO_BACKGROUND,False
1557067119981,카카오톡,com.kakao.talk,False,MOVE_TO_FOREGROUND,False
1557067120356,카카오톡,com.kakao.talk,False,MOVE_TO_BACKGROUND,False
1557067120367,카카오톡,com.kakao.talk,False,MOVE_TO_FOREGROUND,False
1557067120400,카카오톡,com.kakao.talk,False,MOVE_TO_BACKGROUND,False
1557067120430,카카오톡,com.kakao.talk,False,MOVE_TO_FOREGROUND,False
1557067122811,카카오톡,com.kakao.talk,False,MOVE_TO_BACKGROUND,False
1557067123240,카카오톡,com.kakao.talk,False,MOVE_TO_FOREGROUND,False
1557067177076,카카오톡,com.kakao.talk,False,MOVE_TO_BACKGROUND,False
1557067193805,카카오톡,com.kakao.talk,False,USER_INTERACTION,False
1557067196385,카카오톡,com.kakao.talk,False,MOVE_TO_FOREGROUND,False
1557067256882,카카오톡,com.kakao.talk,False,MOVE_TO_BACKGROUND,False
1557067256896,기본홈,com.lge.launcher3,True,MOVE_TO_FOREGROUND,False
1557067257601,기본홈,com.lge.launcher3,True,MOVE_TO_BACKGROUND,False
1557067257712,Chrome,com.android.chrome,True,MOVE_TO_FOREGROUND,True
1557067259638,Chrome,com.android.chrome,True,MOVE_TO_BACKGROUND,True
1557067259684,시스템 UI,com.android.systemui,True,MOVE_TO_FOREGROUND,False
1557067260734,시스템 UI,com.android.systemui,True,MOVE_TO_BACKGROUND,False
1557067260792,Chrome,com.android.chrome,True,MOVE_TO_FOREGROUND,True
1557067266087,Chrome,com.android.chrome,True,MOVE_TO_BACKGROUND,True
1557067266518,시스템 UI,com.android.systemui,True,MOVE_TO_FOREGROUND,False
1557067267335,시스템 UI,com.android.systemui,True,MOVE_TO_BACKGROUND,False
1557067267387,카카오톡,com.kakao.talk,False,MOVE_TO_FOREGROUND,False
1557067299471,카카오톡,com.kakao.talk,False,MOVE_TO_BACKGROUND,False
1557067308421,카카오톡,com.kakao.talk,False,USER_INTERACTION,False
1557067310349,카카오톡,com.kakao.talk,False,MOVE_TO_FOREGROUND,False
1557067374452,카카오톡,com.kakao.talk,False,MOVE_TO_BACKGROUND,False
1557067374473,카카오톡,com.kakao.talk,False,MOVE_TO_FOREGROUND,False
1557067377609,카카오톡,com.kakao.talk,False,MOVE_TO_BACKGROUND,False
1557067377632,통화 관리,com.android.server.telecom,True,MOVE_TO_FOREGROUND,False
1557067377722,통화 관리,com.android.server.telecom,True,MOVE_TO_BACKGROUND,False
1557067377838,카카오톡,com.kakao.talk,False,MOVE_TO_FOREGROUND,False
1557067377909,카카오톡,com.kakao.talk,False,MOVE_TO_BACKGROUND,False
1557067377938,통화 화면,com.android.incallui,True,MOVE_TO_FOREGROUND,False
1557067450155,통화 화면,com.android.incallui,True,MOVE_TO_BACKGROUND,False
1557067593435,통화 화면,com.android.incallui,True,MOVE_TO_FOREGROUND,False
1557067656310,통화 화면,com.android.incallui,True,MOVE_TO_BACKGROUND,False
1557067746699,통화 화면,com.android.incallui,True,MOVE_TO_FOREGROUND,False
1557067748250,통화 화면,com.android.incallui,True,MOVE_TO_BACKGROUND,False
1557067748262,기본홈,com.lge.launcher3,True,MOVE_TO_FOREGROUND,False
1557067749111,기본홈,com.lge.launcher3,True,MOVE_TO_BACKGROUND,False
1557082005949,카카오톡,com.kakao.talk,False,USER_INTERACTION,False
1557082006536,카카오톡,com.kakao.talk,False,USER_INTERACTION,False
1557082198808,카카오톡,com.kakao.talk,False,USER_INTERACTION,False
1557082198809,카카오톡,com.kakao.talk,False,USER_INTERACTION,False
1557082200837,기본홈,com.lge.launcher3,True,MOVE_TO_FOREGROUND,False
1557082202614,기본홈,com.lge.launcher3,True,MOVE_TO_BACKGROUND,False
1557082202643,카카오톡,com.kakao.talk,False,MOVE_TO_FOREGROUND,False
1557082204795,카카오톡,com.kakao.talk,False,MOVE_TO_BACKGROUND,False
1557082204814,카카오톡,com.kakao.talk,False,MOVE_TO_FOREGROUND,False
1557082210311,카카오톡,com.kakao.talk,False,MOVE_TO_BACKGROUND,False
1557082210328,카카오톡,com.kakao.talk,False,MOVE_TO_FOREGROUND,False
1557082213589,카카오톡,com.kakao.talk,False,MOVE_TO_BACKGROUND,False
1557082213600,기본홈,com.lge.launcher3,True,MOVE_TO_FOREGROUND,False
1557082217236,기본홈,com.lge.launcher3,True,MOVE_TO_BACKGROUND,False
1557082217284,Facebook,com.facebook.katana,False,MOVE_TO_FOREGROUND,False
1557082241625,Facebook,com.facebook.katana,False,MOVE_TO_BACKGROUND,False
1557082316352,카카오톡,com.kakao.talk,False,USER_INTERACTION,False
1557082318394,Facebook,com.facebook.katana,False,MOVE_TO_FOREGROUND,False
1557082342228,Facebook,com.facebook.katana,False,MOVE_TO_BACKGROUND,False
1557082958027,Facebook,com.facebook.katana,False,MOVE_TO_FOREGROUND,False
1557083145682,카카오톡,com.kakao.talk,False,USER_INTERACTION,False
1557083209352,Facebook,com.facebook.katana,False,MOVE_TO_BACKGROUND,False
1557083226673,카카오톡,com.kakao.talk,False,USER_INTERACTION,False
1557083629376,카카오톡,com.kakao.talk,False,USER_INTERACTION,False
1557083652732,카카오톡,com.kakao.talk,False,USER_INTERACTION,False
1557083652733,카카오톡,com.kakao.talk,False,USER_INTERACTION,False
1557083714552,시스템 UI,com.android.systemui,True,USER_INTERACTION,False
1557083716705,시스템 UI,com.android.systemui,True,USER_INTERACTION,False
1557083727670,시스템 UI,com.android.systemui,True,USER_INTERACTION,False
1557083735762,시스템 UI,com.android.systemui,True,USER_INTERACTION,False
1557083745078,시스템 UI,com.android.systemui,True,USER_INTERACTION,False
1557083752293,시스템 UI,com.android.systemui,True,USER_INTERACTION,False
1557083755021,시스템 UI,com.android.systemui,True,USER_INTERACTION,False
1557083760493,시스템 UI,com.android.systemui,True,USER_INTERACTION,False
1557083781730,시스템 UI,com.android.systemui,True,USER_INTERACTION,False
1557083786237,시스템 UI,com.android.systemui,True,USER_INTERACTION,False
1557083788904,시스템 UI,com.android.systemui,True,USER_INTERACTION,False
1557083792640,시스템 UI,com.android.systemui,True,USER_INTERACTION,False
1557083796229,시스템 UI,com.android.systemui,True,USER_INTERACTION,False
1557083801761,시스템 UI,com.android.systemui,True,USER_INTERACTION,False
1557083806232,시스템 UI,com.android.systemui,True,USER_INTERACTION,False
1557083808177,시스템 UI,com.android.systemui,True,USER_INTERACTION,False
1557083816620,시스템 UI,com.android.systemui,True,USER_INTERACTION,False
1557083818375,시스템 UI,com.android.systemui,True,USER_INTERACTION,False
1557083820365,시스템 UI,com.android.systemui,True,USER_INTERACTION,False
1557083824932,시스템 UI,com.android.systemui,True,USER_INTERACTION,False
1557083828536,시스템 UI,com.android.systemui,True,USER_INTERACTION,False
1557083830415,시스템 UI,com.android.systemui,True,USER_INTERACTION,False
1557083856149,시스템 UI,com.android.systemui,True,USER_INTERACTION,False
1557083874478,시스템 UI,com.android.systemui,True,USER_INTERACTION,False
1557083879079,시스템 UI,com.android.systemui,True,USER_INTERACTION,False
1557083883950,시스템 UI,com.android.systemui,True,USER_INTERACTION,False
1557083896546,시스템 UI,com.android.systemui,True,USER_INTERACTION,False
1557083903585,시스템 UI,com.android.systemui,True,USER_INTERACTION,False
1557083905526,시스템 UI,com.android.systemui,True,USER_INTERACTION,False
1557083911904,시스템 UI,com.android.systemui,True,USER_INTERACTION,False
1557083918297,시스템 UI,com.android.systemui,True,USER_INTERACTION,False
1557083923777,시스템 UI,com.android.systemui,True,USER_INTERACTION,False
1557083944079,시스템 UI,com.android.systemui,True,USER_INTERACTION,False
1557083946840,시스템 UI,com.android.systemui,True,USER_INTERACTION,False
1557083957866,시스템 UI,com.android.systemui,True,USER_INTERACTION,False
1557083965053,시스템 UI,com.android.systemui,True,USER_INTERACTION,False
1557083968627,시스템 UI,com.android.systemui,True,USER_INTERACTION,False
1557083974677,시스템 UI,com.android.systemui,True,USER_INTERACTION,False
1557083980778,시스템 UI,com.android.systemui,True,USER_INTERACTION,False
1557084000099,시스템 UI,com.android.systemui,True,USER_INTERACTION,False
1557084006337,시스템 UI,com.android.systemui,True,USER_INTERACTION,False
1557084008160,시스템 UI,com.android.systemui,True,USER_INTERACTION,False
1557084010964,시스템 UI,com.android.systemui,True,USER_INTERACTION,False
1557084017342,시스템 UI,com.android.systemui,True,USER_INTERACTION,False
1557084029532,시스템 UI,com.android.systemui,True,USER_INTERACTION,False
1557084035712,시스템 UI,com.android.systemui,True,USER_INTERACTION,False
1557084037565,시스템 UI,com.android.systemui,True,USER_INTERACTION,False
1557084045248,시스템 UI,com.android.systemui,True,USER_INTERACTION,False
1557084051474,시스템 UI,com.android.systemui,True,USER_INTERACTION,False
1557084054039,시스템 UI,com.android.systemui,True,USER_INTERACTION,False
1557084074313,시스템 UI,com.android.systemui,True,USER_INTERACTION,False
1557084103774,시스템 UI,com.android.systemui,True,USER_INTERACTION,False
1557084106470,시스템 UI,com.android.systemui,True,USER_INTERACTION,False
1557084110755,시스템 UI,com.android.systemui,True,USER_INTERACTION,False
1557084119120,시스템 UI,com.android.systemui,True,USER_INTERACTION,False
1557084122715,시스템 UI,com.android.systemui,True,USER_INTERACTION,False
1557084127338,시스템 UI,com.android.systemui,True,USER_INTERACTION,False
1557084140385,시스템 UI,com.android.systemui,True,USER_INTERACTION,False
1557084144866,시스템 UI,com.android.systemui,True,USER_INTERACTION,False
1557084149504,시스템 UI,com.android.systemui,True,USER_INTERACTION,False
1557084153249,시스템 UI,com.android.systemui,True,USER_INTERACTION,False
1557084157862,시스템 UI,com.android.systemui,True,USER_INTERACTION,False
1557084161479,시스템 UI,com.android.systemui,True,USER_INTERACTION,False
1557084165126,시스템 UI,com.android.systemui,True,USER_INTERACTION,False
1557084168825,시스템 UI,com.android.systemui,True,USER_INTERACTION,False
1557084175254,시스템 UI,com.android.systemui,True,USER_INTERACTION,False
1557084183622,시스템 UI,com.android.systemui,True,USER_INTERACTION,False
1557084188949,시스템 UI,com.android.systemui,True,USER_INTERACTION,False
1557084199403,시스템 UI,com.android.systemui,True,USER_INTERACTION,False
1557084207346,시스템 UI,com.android.systemui,True,USER_INTERACTION,False
1557084212033,시스템 UI,com.android.systemui,True,USER_INTERACTION,False
1557084218310,시스템 UI,com.android.systemui,True,USER_INTERACTION,False
1557084222083,시스템 UI,com.android.systemui,True,USER_INTERACTION,False
1557084227949,시스템 UI,com.android.systemui,True,USER_INTERACTION,False
1557084245179,시스템 UI,com.android.systemui,True,USER_INTERACTION,False
1557084253211,시스템 UI,com.android.systemui,True,USER_INTERACTION,False
1557084270039,시스템 UI,com.android.systemui,True,USER_INTERACTION,False
1557084277083,시스템 UI,com.android.systemui,True,USER_INTERACTION,False
1557084281595,시스템 UI,com.android.systemui,True,USER_INTERACTION,False
1557084285372,시스템 UI,com.android.systemui,True,USER_INTERACTION,False
1557084287199,시스템 UI,com.android.systemui,True,USER_INTERACTION,False
1557084300289,시스템 UI,com.android.systemui,True,USER_INTERACTION,False
1557084302941,시스템 UI,com.android.systemui,True,USER_INTERACTION,False
1557084322276,시스템 UI,com.android.systemui,True,USER_INTERACTION,False
1557084329374,시스템 UI,com.android.systemui,True,USER_INTERACTION,False
1557084342369,시스템 UI,com.android.systemui,True,USER_INTERACTION,False
1557084350436,시스템 UI,com.android.systemui,True,USER_INTERACTION,False
1557084354092,시스템 UI,com.android.systemui,True,USER_INTERACTION,False
1557084359567,시스템 UI,com.android.systemui,True,USER_INTERACTION,False
1557084363256,시스템 UI,com.android.systemui,True,USER_INTERACTION,False
1557084365265,시스템 UI,com.android.systemui,True,USER_INTERACTION,False
1557084386477,시스템 UI,com.android.systemui,True,USER_INTERACTION,False
1557084389231,시스템 UI,com.android.systemui,True,USER_INTERACTION,False
1557084391762,시스템 UI,com.android.systemui,True,USER_INTERACTION,False
1557084400101,시스템 UI,com.android.systemui,True,USER_INTERACTION,False
1557084407365,시스템 UI,com.android.systemui,True,USER_INTERACTION,False
1557084410221,시스템 UI,com.android.systemui,True,USER_INTERACTION,False
1557084412821,시스템 UI,com.android.systemui,True,USER_INTERACTION,False
1557084418300,시스템 UI,com.android.systemui,True,USER_INTERACTION,False
1557084422032,시스템 UI,com.android.systemui,True,USER_INTERACTION,False
1557084426527,시스템 UI,com.android.systemui,True,USER_INTERACTION,False
1557084444988,시스템 UI,com.android.systemui,True,USER_INTERACTION,False
1557084446805,시스템 UI,com.android.systemui,True,USER_INTERACTION,False
1557084447532,시스템 UI,com.android.systemui,True,USER_INTERACTION,False
1557084451575,시스템 UI,com.android.systemui,True,USER_INTERACTION,False
1557084476040,시스템 UI,com.android.systemui,True,USER_INTERACTION,False
1557084485096,시스템 UI,com.android.systemui,True,USER_INTERACTION,False
1557084533542,시스템 UI,com.android.systemui,True,USER_INTERACTION,False
1557084541116,시스템 UI,com.android.systemui,True,USER_INTERACTION,False
1557084542946,시스템 UI,com.android.systemui,True,USER_INTERACTION,False
1557084545617,시스템 UI,com.android.systemui,True,USER_INTERACTION,False
1557084592848,시스템 UI,com.android.systemui,True,USER_INTERACTION,False
1557084597449,시스템 UI,com.android.systemui,True,USER_INTERACTION,False
1557084600678,시스템 UI,com.android.systemui,True,USER_INTERACTION,False
1557084622178,시스템 UI,com.android.systemui,True,USER_INTERACTION,False
1557084625046,시스템 UI,com.android.systemui,True,USER_INTERACTION,False
1557084649591,시스템 UI,com.android.systemui,True,USER_INTERACTION,False
1557084681025,시스템 UI,com.android.systemui,True,USER_INTERACTION,False
1557084686597,시스템 UI,com.android.systemui,True,USER_INTERACTION,False
1557084688467,시스템 UI,com.android.systemui,True,USER_INTERACTION,False
1557084767134,시스템 UI,com.android.systemui,True,USER_INTERACTION,False
1557084770362,시스템 UI,com.android.systemui,True,USER_INTERACTION,False
1557084773415,시스템 UI,com.android.systemui,True,USER_INTERACTION,False
1557084780812,시스템 UI,com.android.systemui,True,USER_INTERACTION,False
1557084810064,시스템 UI,com.android.systemui,True,USER_INTERACTION,False
1557084817514,시스템 UI,com.android.systemui,True,USER_INTERACTION,False
1557084891377,시스템 UI,com.android.systemui,True,USER_INTERACTION,False
1557084895755,시스템 UI,com.android.systemui,True,USER_INTERACTION,False
1557084911260,시스템 UI,com.android.systemui,True,USER_INTERACTION,False
1557084915545,시스템 UI,com.android.systemui,True,USER_INTERACTION,False
1557084918800,시스템 UI,com.android.systemui,True,USER_INTERACTION,False
1557085061909,시스템 UI,com.android.systemui,True,USER_INTERACTION,False
1557085115328,시스템 UI,com.android.systemui,True,USER_INTERACTION,False
1557085190917,시스템 UI,com.android.systemui,True,USER_INTERACTION,False
1557085193573,시스템 UI,com.android.systemui,True,USER_INTERACTION,False
1557085197111,시스템 UI,com.android.systemui,True,USER_INTERACTION,False
1557085278845,시스템 UI,com.android.systemui,True,USER_INTERACTION,False
1557085284474,시스템 UI,com.android.systemui,True,USER_INTERACTION,False
1557085286297,시스템 UI,com.android.systemui,True,USER_INTERACTION,False
1557085310531,시스템 UI,com.android.systemui,True,USER_INTERACTION,False
1557085317275,시스템 UI,com.android.systemui,True,USER_INTERACTION,False
1557085366368,시스템 UI,com.android.systemui,True,USER_INTERACTION,False
1557085370402,시스템 UI,com.android.systemui,True,USER_INTERACTION,False
1557085373968,시스템 UI,com.android.systemui,True,USER_INTERACTION,False
1557085410978,시스템 UI,com.android.systemui,True,USER_INTERACTION,False
1557085414781,시스템 UI,com.android.systemui,True,USER_INTERACTION,False
1557085464196,시스템 UI,com.android.systemui,True,USER_INTERACTION,False
1557085470969,시스템 UI,com.android.systemui,True,USER_INTERACTION,False
1557085516417,시스템 UI,com.android.systemui,True,USER_INTERACTION,False
1557085560989,시스템 UI,com.android.systemui,True,USER_INTERACTION,False
1557085568771,시스템 UI,com.android.systemui,True,USER_INTERACTION,False
1557085631421,시스템 UI,com.android.systemui,True,USER_INTERACTION,False
1557085637478,시스템 UI,com.android.systemui,True,USER_INTERACTION,False
1557085665984,시스템 UI,com.android.systemui,True,USER_INTERACTION,False
1557085670157,시스템 UI,com.android.systemui,True,USER_INTERACTION,False
1557085672899,시스템 UI,com.android.systemui,True,USER_INTERACTION,False
1557085785654,시스템 UI,com.android.systemui,True,USER_INTERACTION,False
1557085789360,시스템 UI,com.android.systemui,True,USER_INTERACTION,False
1557085832338,시스템 UI,com.android.systemui,True,USER_INTERACTION,False
1557085891904,시스템 UI,com.android.systemui,True,USER_INTERACTION,False
1557085895953,시스템 UI,com.android.systemui,True,USER_INTERACTION,False
1557085898703,시스템 UI,com.android.systemui,True,USER_INTERACTION,False
1557085911765,시스템 UI,com.android.systemui,True,USER_INTERACTION,False
1557086012645,시스템 UI,com.android.systemui,True,USER_INTERACTION,False
1557086019189,시스템 UI,com.android.systemui,True,USER_INTERACTION,False
1557086276355,시스템 UI,com.android.systemui,True,USER_INTERACTION,False
1557086279463,시스템 UI,com.android.systemui,True,USER_INTERACTION,False
1557086281873,시스템 UI,com.android.systemui,True,USER_INTERACTION,False
1557086285112,시스템 UI,com.android.systemui,True,USER_INTERACTION,False
1557086311982,시스템 UI,com.android.systemui,True,USER_INTERACTION,False
1557086316301,시스템 UI,com.android.systemui,True,USER_INTERACTION,False
1557086330038,시스템 UI,com.android.systemui,True,USER_INTERACTION,False
1557086353886,시스템 UI,com.android.systemui,True,USER_INTERACTION,False
1557086358912,시스템 UI,com.android.systemui,True,USER_INTERACTION,False
1557086362973,시스템 UI,com.android.systemui,True,USER_INTERACTION,False
1557086457143,시스템 UI,com.android.systemui,True,USER_INTERACTION,False
1557086461199,시스템 UI,com.android.systemui,True,USER_INTERACTION,False
1557086463970,시스템 UI,com.android.systemui,True,USER_INTERACTION,False
1557086504469,시스템 UI,com.android.systemui,True,USER_INTERACTION,False
1557086507713,시스템 UI,com.android.systemui,True,USER_INTERACTION,False
1557086647846,시스템 UI,com.android.systemui,True,USER_INTERACTION,False
1557086654116,시스템 UI,com.android.systemui,True,USER_INTERACTION,False
1557086662157,시스템 UI,com.android.systemui,True,USER_INTERACTION,False
1557086665769,시스템 UI,com.android.systemui,True,USER_INTERACTION,False
1557086667630,시스템 UI,com.android.systemui,True,USER_INTERACTION,False
1557086670250,시스템 UI,com.android.systemui,True,USER_INTERACTION,False
1557086695557,시스템 UI,com.android.systemui,True,USER_INTERACTION,False
1557086699638,시스템 UI,com.android.systemui,True,USER_INTERACTION,False
1557086704009,시스템 UI,com.android.systemui,True,USER_INTERACTION,False
1557086730134,시스템 UI,com.android.systemui,True,USER_INTERACTION,False
1557086737449,시스템 UI,com.android.systemui,True,USER_INTERACTION,False
1557086772767,시스템 UI,com.android.systemui,True,USER_INTERACTION,False
1557086833450,시스템 UI,com.android.systemui,True,USER_INTERACTION,False
1557086838392,시스템 UI,com.android.systemui,True,USER_INTERACTION,False
1557086853420,시스템 UI,com.android.systemui,True,USER_INTERACTION,False
1557086926925,시스템 UI,com.android.systemui,True,USER_INTERACTION,False
1557086960565,시스템 UI,com.android.systemui,True,USER_INTERACTION,False
1557086963036,시스템 UI,com.android.systemui,True,USER_INTERACTION,False
1557086965506,시스템 UI,com.android.systemui,True,USER_INTERACTION,False
1557087032748,시스템 UI,com.android.systemui,True,USER_INTERACTION,False
1557087039651,시스템 UI,com.android.systemui,True,USER_INTERACTION,False
1557087085100,시스템 UI,com.android.systemui,True,USER_INTERACTION,False
1557087087999,시스템 UI,com.android.systemui,True,USER_INTERACTION,False
1557087093492,시스템 UI,com.android.systemui,True,USER_INTERACTION,False
1557087097128,시스템 UI,com.android.systemui,True,USER_INTERACTION,False
1557087132379,시스템 UI,com.android.systemui,True,USER_INTERACTION,False
1557087139276,시스템 UI,com.android.systemui,True,USER_INTERACTION,False
1557087148486,시스템 UI,com.android.systemui,True,USER_INTERACTION,False
1557087152167,시스템 UI,com.android.systemui,True,USER_INTERACTION,False
1557087153973,시스템 UI,com.android.systemui,True,USER_INTERACTION,False
1557087169885,시스템 UI,com.android.systemui,True,USER_INTERACTION,False
1557087173387,시스템 UI,com.android.systemui,True,USER_INTERACTION,False
1557087242296,시스템 UI,com.android.systemui,True,USER_INTERACTION,False
1557087267341,시스템 UI,com.android.systemui,True,USER_INTERACTION,False
1557087554935,시스템 UI,com.android.systemui,True,USER_INTERACTION,False
1557087558954,시스템 UI,com.android.systemui,True,USER_INTERACTION,False
1557087568472,시스템 UI,com.android.systemui,True,USER_INTERACTION,False
1557087640349,시스템 UI,com.android.systemui,True,USER_INTERACTION,False
1557087645139,시스템 UI,com.android.systemui,True,USER_INTERACTION,False
1557087648496,Shutdown Monitor,com.lge.shutdownmonitor,True,MOVE_TO_FOREGROUND,False
1557087648510,Shutdown Monitor,com.lge.shutdownmonitor,True,MOVE_TO_BACKGROUND,False
1557087648714,Facebook,com.facebook.katana,False,MOVE_TO_FOREGROUND,False
1557087648734,Facebook,com.facebook.katana,False,MOVE_TO_BACKGROUND,False
1557087649297,Shutdown Monitor,com.lge.shutdownmonitor,True,MOVE_TO_FOREGROUND,False
1557087649312,Shutdown Monitor,com.lge.shutdownmonitor,True,MOVE_TO_BACKGROUND,False
1557087720180,Android 시스템,android,True,CONFIGURATION_CHANGE,False
1557087720503,Android 시스템,android,True,CONFIGURATION_CHANGE,False
1557087720560,Android 시스템,android,True,CONFIGURATION_CHANGE,False
1557087723531,Android 시스템,android,True,CONFIGURATION_CHANGE,False
1557087727721,설정,com.android.settings,True,MOVE_TO_FOREGROUND,False
1557087727794,설정,com.android.settings,True,MOVE_TO_BACKGROUND,False
1557087728334,Shutdown Monitor,com.lge.shutdownmonitor,True,MOVE_TO_FOREGROUND,False
1557087728481,Shutdown Monitor,com.lge.shutdownmonitor,True,MOVE_TO_BACKGROUND,False
1557087728621,Shutdown Monitor,com.lge.shutdownmonitor,True,MOVE_TO_FOREGROUND,False
1557087728721,Shutdown Monitor,com.lge.shutdownmonitor,True,MOVE_TO_BACKGROUND,False
1557087728938,Shutdown Monitor,com.lge.shutdownmonitor,True,MOVE_TO_FOREGROUND,False
1557087729095,Shutdown Monitor,com.lge.shutdownmonitor,True,MOVE_TO_BACKGROUND,False
1557087729223,Shutdown Monitor,com.lge.shutdownmonitor,True,MOVE_TO_FOREGROUND,False
1557087729310,Shutdown Monitor,com.lge.shutdownmonitor,True,MOVE_TO_BACKGROUND,False
1557087729510,Shutdown Monitor,com.lge.shutdownmonitor,True,MOVE_TO_FOREGROUND,False
1557087729729,Shutdown Monitor,com.lge.shutdownmonitor,True,MOVE_TO_BACKGROUND,False
1557087729774,Shutdown Monitor,com.lge.shutdownmonitor,True,MOVE_TO_FOREGROUND,False
1557087729820,Shutdown Monitor,com.lge.shutdownmonitor,True,MOVE_TO_BACKGROUND,False
1557087729843,Shutdown Monitor,com.lge.shutdownmonitor,True,MOVE_TO_FOREGROUND,False
1557087729872,Shutdown Monitor,com.lge.shutdownmonitor,True,MOVE_TO_BACKGROUND,False
1557087729936,Shutdown Monitor,com.lge.shutdownmonitor,True,MOVE_TO_FOREGROUND,False
1557087729942,Shutdown Monitor,com.lge.shutdownmonitor,True,MOVE_TO_BACKGROUND,False
1557087730126,Shutdown Monitor,com.lge.shutdownmonitor,True,MOVE_TO_FOREGROUND,False
1557087730128,Shutdown Monitor,com.lge.shutdownmonitor,True,MOVE_TO_BACKGROUND,False
1557087730249,Shutdown Monitor,com.lge.shutdownmonitor,True,MOVE_TO_FOREGROUND,False
1557087730252,Shutdown Monitor,com.lge.shutdownmonitor,True,MOVE_TO_BACKGROUND,False
1557087730422,Shutdown Monitor,com.lge.shutdownmonitor,True,MOVE_TO_FOREGROUND,False
1557087730426,Shutdown Monitor,com.lge.shutdownmonitor,True,MOVE_TO_BACKGROUND,False
1557087730479,Shutdown Monitor,com.lge.shutdownmonitor,True,MOVE_TO_FOREGROUND,False
1557087730483,Shutdown Monitor,com.lge.shutdownmonitor,True,MOVE_TO_BACKGROUND,False
1557087730684,Shutdown Monitor,com.lge.shutdownmonitor,True,MOVE_TO_FOREGROUND,False
1557087730688,Shutdown Monitor,com.lge.shutdownmonitor,True,MOVE_TO_BACKGROUND,False
1557087730765,Shutdown Monitor,com.lge.shutdownmonitor,True,MOVE_TO_FOREGROUND,False
1557087730767,Shutdown Monitor,com.lge.shutdownmonitor,True,MOVE_TO_BACKGROUND,False
1557087730867,Shutdown Monitor,com.lge.shutdownmonitor,True,MOVE_TO_FOREGROUND,False
1557087730872,Shutdown Monitor,com.lge.shutdownmonitor,True,MOVE_TO_BACKGROUND,False
1557087730947,Shutdown Monitor,com.lge.shutdownmonitor,True,MOVE_TO_FOREGROUND,False
1557087730950,Shutdown Monitor,com.lge.shutdownmonitor,True,MOVE_TO_BACKGROUND,False
1557087731054,Shutdown Monitor,com.lge.shutdownmonitor,True,MOVE_TO_FOREGROUND,False
1557087731060,Shutdown Monitor,com.lge.shutdownmonitor,True,MOVE_TO_BACKGROUND,False
1557087731458,Shutdown Monitor,com.lge.shutdownmonitor,True,MOVE_TO_FOREGROUND,False
1557087731461,Shutdown Monitor,com.lge.shutdownmonitor,True,MOVE_TO_BACKGROUND,False
1557087731557,Shutdown Monitor,com.lge.shutdownmonitor,True,MOVE_TO_FOREGROUND,False
1557087731560,Shutdown Monitor,com.lge.shutdownmonitor,True,MOVE_TO_BACKGROUND,False
1557087731700,Shutdown Monitor,com.lge.shutdownmonitor,True,MOVE_TO_FOREGROUND,False
1557087731706,Shutdown Monitor,com.lge.shutdownmonitor,True,MOVE_TO_BACKGROUND,False
1557087731909,Shutdown Monitor,com.lge.shutdownmonitor,True,MOVE_TO_FOREGROUND,False
1557087731913,Shutdown Monitor,com.lge.shutdownmonitor,True,MOVE_TO_BACKGROUND,False
1557087732091,Shutdown Monitor,com.lge.shutdownmonitor,True,MOVE_TO_FOREGROUND,False
1557087732099,Shutdown Monitor,com.lge.shutdownmonitor,True,MOVE_TO_BACKGROUND,False
1557087732278,Shutdown Monitor,com.lge.shutdownmonitor,True,MOVE_TO_FOREGROUND,False
1557087732283,Shutdown Monitor,com.lge.shutdownmonitor,True,MOVE_TO_BACKGROUND,False
1557087732403,Shutdown Monitor,com.lge.shutdownmonitor,True,MOVE_TO_FOREGROUND,False
1557087732407,Shutdown Monitor,com.lge.shutdownmonitor,True,MOVE_TO_BACKGROUND,False
1557087732610,Shutdown Monitor,com.lge.shutdownmonitor,True,MOVE_TO_FOREGROUND,False
1557087732618,Shutdown Monitor,com.lge.shutdownmonitor,True,MOVE_TO_BACKGROUND,False
1557087732771,Shutdown Monitor,com.lge.shutdownmonitor,True,MOVE_TO_FOREGROUND,False
1557087732774,Shutdown Monitor,com.lge.shutdownmonitor,True,MOVE_TO_BACKGROUND,False
1557087732890,Shutdown Monitor,com.lge.shutdownmonitor,True,MOVE_TO_FOREGROUND,False
1557087732894,Shutdown Monitor,com.lge.shutdownmonitor,True,MOVE_TO_BACKGROUND,False
1557087733065,Shutdown Monitor,com.lge.shutdownmonitor,True,MOVE_TO_FOREGROUND,False
1557087733083,Shutdown Monitor,com.lge.shutdownmonitor,True,MOVE_TO_BACKGROUND,False
1557087733161,Shutdown Monitor,com.lge.shutdownmonitor,True,MOVE_TO_FOREGROUND,False
1557087733166,Shutdown Monitor,com.lge.shutdownmonitor,True,MOVE_TO_BACKGROUND,False
1557087733237,Shutdown Monitor,com.lge.shutdownmonitor,True,MOVE_TO_FOREGROUND,False
1557087733241,Shutdown Monitor,com.lge.shutdownmonitor,True,MOVE_TO_BACKGROUND,False
1557087733439,Shutdown Monitor,com.lge.shutdownmonitor,True,MOVE_TO_FOREGROUND,False
1557087733444,Shutdown Monitor,com.lge.shutdownmonitor,True,MOVE_TO_BACKGROUND,False
1557087733530,Shutdown Monitor,com.lge.shutdownmonitor,True,MOVE_TO_FOREGROUND,False
1557087733535,Shutdown Monitor,com.lge.shutdownmonitor,True,MOVE_TO_BACKGROUND,False
1557087733709,Shutdown Monitor,com.lge.shutdownmonitor,True,MOVE_TO_FOREGROUND,False
1557087733712,Shutdown Monitor,com.lge.shutdownmonitor,True,MOVE_TO_BACKGROUND,False
1557087733804,Shutdown Monitor,com.lge.shutdownmonitor,True,MOVE_TO_FOREGROUND,False
1557087733813,Shutdown Monitor,com.lge.shutdownmonitor,True,MOVE_TO_BACKGROUND,False
1557087733997,Shutdown Monitor,com.lge.shutdownmonitor,True,MOVE_TO_FOREGROUND,False
1557087734003,Shutdown Monitor,com.lge.shutdownmonitor,True,MOVE_TO_BACKGROUND,False
1557087734194,Shutdown Monitor,com.lge.shutdownmonitor,True,MOVE_TO_FOREGROUND,False
1557087734198,Shutdown Monitor,com.lge.shutdownmonitor,True,MOVE_TO_BACKGROUND,False
1557087735652,Shutdown Monitor,com.lge.shutdownmonitor,True,MOVE_TO_FOREGROUND,False
1557087735655,Shutdown Monitor,com.lge.shutdownmonitor,True,MOVE_TO_BACKGROUND,False
1557087735861,Shutdown Monitor,com.lge.shutdownmonitor,True,MOVE_TO_FOREGROUND,False
1557087735866,Shutdown Monitor,com.lge.shutdownmonitor,True,MOVE_TO_BACKGROUND,False
1557087736132,Shutdown Monitor,com.lge.shutdownmonitor,True,MOVE_TO_FOREGROUND,False
1557087736136,Shutdown Monitor,com.lge.shutdownmonitor,True,MOVE_TO_BACKGROUND,False
